9.571929,
25.650548,
8.560047,
26.134516,
42.415887,
20.118175,
30.165473,
20.137875,
35.208735,
23.002376,
17.159267,
27.688058,
5.973565,
14.135837,
156.461809,
26.506563,
19.368534,
37.669534,
49.926830,
9.579488,
2.843379,
15.042583,
12.908772,
84.755662,
10.718434,
57.787122,
7.732450,
100.359647,
0.404646,
111.339487,
43.723954,
56.291714,
0.465955,
10.417631,
82.211013,
28.728950,
26.885525,
26.570872,
31.370536,
28.010057,
22.249149,
56.369535,
18.321876,
28.288497,
18.391092,
28.304957,
27.819683,
15.494933,
32.007682,
34.221506,
18.497760,
31.399206,
3.511068,
7.167934,
11.980034,
5.763140,
1.402882,
6.027243,
30.205540,
29.485059,
46.309639,
7.549375,
19.426211,
20.223989,
0.128452,
55.136485,
25.068502,
21.034332,
12.435265,
0.218697,
22.917744,
16.622304,
15.107654,
3.840162,
28.496078,
6.314025,
3.588360,
12.724907,
35.943000,
17.169001,
21.491874,
12.147020,
45.306455,
15.716734,
50.675951,
10.856166,
41.514762,
7.975116,
87.723243,
21.821661,
26.733365,
25.732468,
15.128871,
3.463761,
78.543856,
32.466197,
19.170134,
11.084485,
102.596875,
34.221506,
75.434550,
0.823292,
48.998405,
25.142495,
73.655111,
51.612583,
3.333538,
4.910002,
17.333341,
8.032500,
5.402520,
34.359332,
0.753736,
21.677994,
12.625724,
39.914288,
62.375007,
35.812822,
62.083531,
20.180901,
13.368420,
2.353177,
1.345374,
14.135837,
65.505735,
1.208756,
42.434716,
3.398066,
4.929419,
10.249664,
18.722493,
2.534944,
41.720042,
16.665356,
19.263949,
5.092801,
6.194480,
74.531639,
30.167975,
48.984344,
7.899965,
17.005557,
14.962573,
30.624421,
34.024485,
25.104419,
7.825002,
11.479210,
18.445225,
76.435601,
18.821774,
50.879915,
4.628793,
25.650548,
17.828513,
2.691770,
49.068812,
75.096962,
3.330469,
2.381908,
9.637502,
62.170677,
64.490856,
4.574359,
42.220764,
19.849051,
1.702745,
50.537451,
51.505358,
62.083531,
15.390761,
97.559432,
46.211215,
26.993398,
9.470069,
11.016996,
18.173852,
12.097649,
0.408358,
12.478256,
8.162017,
0.220542,
46.806661,
26.539809,
31.837860,
7.895200,
42.012042,
9.306063,
6.485146,
4.851827,
28.255605,
11.432265,
25.618272,
31.909386,
24.032950,
47.853176,
12.987715,
117.012066,
24.801534,
32.857826,
76.883547,
32.293767,
3.423711,
80.434858,
67.987047,
61.466284,
6.226012,
6.057478,
54.129603,
4.919709,
44.283605,
20.094910,
14.420241,
19.794098,
28.175874,
33.665199,
41.584253,
43.105135,
15.899719,
115.771121,
27.495132,
30.426869,
15.862411,
2.397772,
9.958605,
38.546723,
10.420222,
19.827767,
18.460468,
6.422704,
21.364699,
12.119582,
3.216105,
40.389048,
92.982267,
22.385929,
58.608916,
75.902151,
0.960052,
9.205101,
48.876758,
60.487861,
2.489151,
88.273717,
24.597140,
14.251925,
6.214747,
18.018208,
46.585226,
14.549331,
13.999749,
45.833371,
2.081102,
46.305353,
4.714379,
3.299793,
4.241376,
33.390867,
17.206346,
4.405285,
20.771535,
69.769389,
72.096589,
83.412041,
18.710533,
2.575820,
30.956594,
1.691119,
18.845788,
67.705850,
6.383036,
1.524009,
55.402280,
51.515553,
0.426925,
15.471923,
85.300990,
7.528187,
10.182740,
47.025353,
29.548733,
50.468440,
2.802138,
40.357397,
4.531735,
20.842979,
91.826746,
31.237971,
13.143391,
26.818300,
49.276294,
6.373976,
14.905338,
14.713347,
9.717140,
3.341724,
28.824522,
4.999639,
14.112380,
11.969116,
0.478046,
17.951511,
24.394128,
23.091200,
81.028937,
57.686745,
4.917551,
1.250726,
6.630971,
1.340587,
5.762030,
2.086990,
29.185653,
9.377314,
21.488125,
15.777089,
59.969784,
6.134886,
19.182279,
18.116856,
34.526721,
2.294808,
39.239641,
26.296857,
24.303425,
16.767652,
29.377611,
94.976706,
33.196440,
75.879171,
57.103721,
32.269599,
10.756411,
40.374976,
21.698745,
7.616569,
24.501678,
11.079186,
25.106533,
23.724485,
20.738618,
13.993910,
28.377958,
4.943450,
30.000761,
18.722493,
2.855460,
57.319482,
46.104598,
40.771489,
55.332715,
44.247569,
12.966549,
7.122625,
0.977073,
41.489201,
72.422347,
10.833824,
18.844072,
3.770524,
7.725342,
56.785999,
9.515298,
57.963593,
28.858044,
16.220293,
93.186072,
3.483292,
36.174474,
0.825174,
54.527182,
3.344795,
21.644068,
8.171633,
59.460502,
16.270644,
0.432498,
28.891604,
45.215395,
29.752907,
87.740293,
25.988287,
36.150024,
12.862348,
2.798117,
27.178584,
1.222104,
29.275405,
62.981537,
47.078077,
50.849980,
37.077661,
15.229093,
71.425779,
12.422796,
7.771572,
42.851969,
30.528015,
9.291084,
35.253177,
55.448747,
12.955267,
1.201132,
15.491864,
15.977592,
5.588354,
35.140717,
40.448925,
29.511982,
17.788729,
0.777217,
48.404235,
67.220009,
27.374039,
6.184352,
17.065329,
4.192904,
11.520852,
25.988287,
30.751745,
14.143171,
5.716578,
6.246300,
13.143391,
46.797946,
24.738817,
8.784978,
26.653121,
0.718081,
1.750265,
12.324605,
102.290608,
101.796092,
3.876605,
41.372625,
29.470385,
60.261806,
6.570505,
13.332702,
20.204232,
52.248430,
5.523346,
45.888266,
78.783303,
33.415956,
6.856799,
83.693873,
44.707256,
6.975552,
107.644137,
112.955262,
40.294194,
52.426596,
7.745485,
27.108440,
5.850916,
21.387103,
45.207131,
37.911536,
8.513803,
6.799321,
52.521350,
24.326075,
17.121980,
24.266398,
34.235834,
1.240228,
18.360685,
1.307097,
56.495674,
30.010718,
23.357269,
18.919665,
20.651017,
20.973482,
2.183333,
52.395078,
10.759032,
3.019036,
28.968453,
24.128976,
31.321081,
1.796888,
13.014547,
4.771215,
7.965562,
24.006444,
48.248366,
5.418968,
0.749981,
80.155415,
0.421354,
26.941661,
27.625911,
49.970382,
2.932089,
26.728902,
61.310403,
20.340997,
2.678753